begin              0    0    0
   0   0   0
 -1.0000000000000000e+01  1.0000000000000000e+01 -1.0000000000000000e+01  1.0000000000000000e+01
  0.0000000000000000e+00
s1                10    1    1
   3   4  10
 -1.0000000000000000e+01  1.0000000000000000e+01 -1.0000000000000000e+01  1.0000000000000000e+01
  0.0000000000000000e+00  0.0000000000000000e+00  0.0000000000000000e+00
   0  3
qd2                7    1    2
   1   4  10
 -1.0000000000000000e+01  1.0000000000000000e+01 -1.0000000000000000e+01  1.0000000000000000e+01
  0.0000000000000000e+00  0.0000000000000000e+00  0.0000000000000000e+00  0.0000000000000000e+00
  1.7499999999999999e-01  0.0000000000000000e+00  0.0000000000000000e+00  0.0000000000000000e+00  0.0000000000000000e+00
   1  2
  2 -1.2962220141932250e+00  0.0000000000000000e+00
o                  2    1    3
   0   0   0
 -1.0000000000000000e+01  1.0000000000000000e+01 -1.0000000000000000e+01  1.0000000000000000e+01
  7.4999999999999997e-02
b2h                1    1    4
   1   4  10
 -1.0000000000000000e+01  1.0000000000000000e+01 -1.0000000000000000e+01  1.0000000000000000e+01
  0.0000000000000000e+00  0.0000000000000000e+00  0.0000000000000000e+00  0.0000000000000000e+00
  6.5000000000000002e-01  3.3036359993584615e-03  0.0000000000000000e+00  0.0000000000000000e+00  0.0000000000000000e+00
   0  1
b2h                1    2    5
   1   4  10
 -1.0000000000000000e+01  1.0000000000000000e+01 -1.0000000000000000e+01  1.0000000000000000e+01
  0.0000000000000000e+00  0.0000000000000000e+00  0.0000000000000000e+00  0.0000000000000000e+00
  6.5000000000000002e-01  3.3036359993584615e-03  0.0000000000000000e+00  0.0000000000000000e+00  0.0000000000000000e+00
   0  1
o                  2    2    6
   0   0   0
 -1.0000000000000000e+01  1.0000000000000000e+01 -1.0000000000000000e+01  1.0000000000000000e+01
  7.4999999999999997e-02
qf2                6    1    7
   1   4  10
 -1.0000000000000000e+01  1.0000000000000000e+01 -1.0000000000000000e+01  1.0000000000000000e+01
  0.0000000000000000e+00  0.0000000000000000e+00  0.0000000000000000e+00  0.0000000000000000e+00
  1.9000000000000000e-01  0.0000000000000000e+00  0.0000000000000000e+00  0.0000000000000000e+00  0.0000000000000000e+00
   1  2
  2  1.2942320680067401e+00  0.0000000000000000e+00
s2                11    1    8
   3   4  10
 -1.0000000000000000e+01  1.0000000000000000e+01 -1.0000000000000000e+01  1.0000000000000000e+01
  0.0000000000000000e+00  0.0000000000000000e+00  0.0000000000000000e+00
   0  3
qf2                6    2    9
   1   4  10
 -1.0000000000000000e+01  1.0000000000000000e+01 -1.0000000000000000e+01  1.0000000000000000e+01
  0.0000000000000000e+00  0.0000000000000000e+00  0.0000000000000000e+00  0.0000000000000000e+00
  1.9000000000000000e-01  0.0000000000000000e+00  0.0000000000000000e+00  0.0000000000000000e+00  0.0000000000000000e+00
   1  2
  2  1.2942320680067401e+00  0.0000000000000000e+00
o                  2    3   10
   0   0   0
 -1.0000000000000000e+01  1.0000000000000000e+01 -1.0000000000000000e+01  1.0000000000000000e+01
  7.4999999999999997e-02
b2h                1    3   11
   1   4  10
 -1.0000000000000000e+01  1.0000000000000000e+01 -1.0000000000000000e+01  1.0000000000000000e+01
  0.0000000000000000e+00  0.0000000000000000e+00  0.0000000000000000e+00  0.0000000000000000e+00
  6.5000000000000002e-01  3.3036359993584615e-03  0.0000000000000000e+00  0.0000000000000000e+00  0.0000000000000000e+00
   0  1
b2h                1    4   12
   1   4  10
 -1.0000000000000000e+01  1.0000000000000000e+01 -1.0000000000000000e+01  1.0000000000000000e+01
  0.0000000000000000e+00  0.0000000000000000e+00  0.0000000000000000e+00  0.0000000000000000e+00
  6.5000000000000002e-01  3.3036359993584615e-03  0.0000000000000000e+00  0.0000000000000000e+00  0.0000000000000000e+00
   0  1
o                  2    4   13
   0   0   0
 -1.0000000000000000e+01  1.0000000000000000e+01 -1.0000000000000000e+01  1.0000000000000000e+01
  7.4999999999999997e-02
qd2                7    2   14
   1   4  10
 -1.0000000000000000e+01  1.0000000000000000e+01 -1.0000000000000000e+01  1.0000000000000000e+01
  0.0000000000000000e+00  0.0000000000000000e+00  0.0000000000000000e+00  0.0000000000000000e+00
  1.7499999999999999e-01  0.0000000000000000e+00  0.0000000000000000e+00  0.0000000000000000e+00  0.0000000000000000e+00
   1  2
  2 -1.2962220141932250e+00  0.0000000000000000e+00
s3                12    1   15
   3   4  10
 -1.0000000000000000e+01  1.0000000000000000e+01 -1.0000000000000000e+01  1.0000000000000000e+01
  0.0000000000000000e+00  0.0000000000000000e+00  0.0000000000000000e+00
   0  3
qd2                7    3   16
   1   4  10
 -1.0000000000000000e+01  1.0000000000000000e+01 -1.0000000000000000e+01  1.0000000000000000e+01
  0.0000000000000000e+00  0.0000000000000000e+00  0.0000000000000000e+00  0.0000000000000000e+00
  1.7499999999999999e-01  0.0000000000000000e+00  0.0000000000000000e+00  0.0000000000000000e+00  0.0000000000000000e+00
   1  2
  2 -1.2962220141932250e+00  0.0000000000000000e+00
o                  2    5   17
   0   0   0
 -1.0000000000000000e+01  1.0000000000000000e+01 -1.0000000000000000e+01  1.0000000000000000e+01
  7.4999999999999997e-02
b2h                1    5   18
   1   4  10
 -1.0000000000000000e+01  1.0000000000000000e+01 -1.0000000000000000e+01  1.0000000000000000e+01
  0.0000000000000000e+00  0.0000000000000000e+00  0.0000000000000000e+00  0.0000000000000000e+00
  6.5000000000000002e-01  3.3036359993584615e-03  0.0000000000000000e+00  0.0000000000000000e+00  0.0000000000000000e+00
   0  1
b2h                1    6   19
   1   4  10
 -1.0000000000000000e+01  1.0000000000000000e+01 -1.0000000000000000e+01  1.0000000000000000e+01
  0.0000000000000000e+00  0.0000000000000000e+00  0.0000000000000000e+00  0.0000000000000000e+00
  6.5000000000000002e-01  3.3036359993584615e-03  0.0000000000000000e+00  0.0000000000000000e+00  0.0000000000000000e+00
   0  1
ofw                3    1   20
   0   0   0
 -1.0000000000000000e+01  1.0000000000000000e+01 -1.0000000000000000e+01  1.0000000000000000e+01
  3.0013210788938610e-01
qf3                8    1   21
   1   4  10
 -1.0000000000000000e+01  1.0000000000000000e+01 -1.0000000000000000e+01  1.0000000000000000e+01
  0.0000000000000000e+00  0.0000000000000000e+00  0.0000000000000000e+00  0.0000000000000000e+00
  2.8000000000000003e-01  0.0000000000000000e+00  0.0000000000000000e+00  0.0000000000000000e+00  0.0000000000000000e+00
   1  2
  2  1.7773957344397160e+00  0.0000000000000000e+00
qf3                8    2   22
   1   4  10
 -1.0000000000000000e+01  1.0000000000000000e+01 -1.0000000000000000e+01  1.0000000000000000e+01
  0.0000000000000000e+00  0.0000000000000000e+00  0.0000000000000000e+00  0.0000000000000000e+00
  2.8000000000000003e-01  0.0000000000000000e+00  0.0000000000000000e+00  0.0000000000000000e+00  0.0000000000000000e+00
   1  2
  2  1.7773957344397160e+00  0.0000000000000000e+00
o1f                4    1   23
   0   0   0
 -1.0000000000000000e+01  1.0000000000000000e+01 -1.0000000000000000e+01  1.0000000000000000e+01
  3.4999999882080268e-01
qd3                9    1   24
   1   4  10
 -1.0000000000000000e+01  1.0000000000000000e+01 -1.0000000000000000e+01  1.0000000000000000e+01
  0.0000000000000000e+00  0.0000000000000000e+00  0.0000000000000000e+00  0.0000000000000000e+00
  2.0000000000000001e-01  0.0000000000000000e+00  0.0000000000000000e+00  0.0000000000000000e+00  0.0000000000000000e+00
   1  2
  2 -1.3483742771920639e+00  0.0000000000000000e+00
qd3                9    2   25
   1   4  10
 -1.0000000000000000e+01  1.0000000000000000e+01 -1.0000000000000000e+01  1.0000000000000000e+01
  0.0000000000000000e+00  0.0000000000000000e+00  0.0000000000000000e+00  0.0000000000000000e+00
  2.0000000000000001e-01  0.0000000000000000e+00  0.0000000000000000e+00  0.0000000000000000e+00  0.0000000000000000e+00
   1  2
  2 -1.3483742771920639e+00  0.0000000000000000e+00
o2f                5    1   26
   0   0   0
 -1.0000000000000000e+01  1.0000000000000000e+01 -1.0000000000000000e+01  1.0000000000000000e+01
  2.2145332668093651e-01
b2h                1    7   27
   1   4  10
 -1.0000000000000000e+01  1.0000000000000000e+01 -1.0000000000000000e+01  1.0000000000000000e+01
  0.0000000000000000e+00  0.0000000000000000e+00  0.0000000000000000e+00  0.0000000000000000e+00
  6.5000000000000002e-01  3.3036359993584615e-03  0.0000000000000000e+00  0.0000000000000000e+00  0.0000000000000000e+00
   0  1
b2h                1    8   28
   1   4  10
 -1.0000000000000000e+01  1.0000000000000000e+01 -1.0000000000000000e+01  1.0000000000000000e+01
  0.0000000000000000e+00  0.0000000000000000e+00  0.0000000000000000e+00  0.0000000000000000e+00
  6.5000000000000002e-01  3.3036359993584615e-03  0.0000000000000000e+00  0.0000000000000000e+00  0.0000000000000000e+00
   0  1
o2f                5    2   29
   0   0   0
 -1.0000000000000000e+01  1.0000000000000000e+01 -1.0000000000000000e+01  1.0000000000000000e+01
  2.2145332668093651e-01
qd3                9    3   30
   1   4  10
 -1.0000000000000000e+01  1.0000000000000000e+01 -1.0000000000000000e+01  1.0000000000000000e+01
  0.0000000000000000e+00  0.0000000000000000e+00  0.0000000000000000e+00  0.0000000000000000e+00
  2.0000000000000001e-01  0.0000000000000000e+00  0.0000000000000000e+00  0.0000000000000000e+00  0.0000000000000000e+00
   1  2
  2 -1.3483742771920639e+00  0.0000000000000000e+00
qd3                9    4   31
   1   4  10
 -1.0000000000000000e+01  1.0000000000000000e+01 -1.0000000000000000e+01  1.0000000000000000e+01
  0.0000000000000000e+00  0.0000000000000000e+00  0.0000000000000000e+00  0.0000000000000000e+00
  2.0000000000000001e-01  0.0000000000000000e+00  0.0000000000000000e+00  0.0000000000000000e+00  0.0000000000000000e+00
   1  2
  2 -1.3483742771920639e+00  0.0000000000000000e+00
o1f                4    2   32
   0   0   0
 -1.0000000000000000e+01  1.0000000000000000e+01 -1.0000000000000000e+01  1.0000000000000000e+01
  3.4999999882080268e-01
qf3                8    3   33
   1   4  10
 -1.0000000000000000e+01  1.0000000000000000e+01 -1.0000000000000000e+01  1.0000000000000000e+01
  0.0000000000000000e+00  0.0000000000000000e+00  0.0000000000000000e+00  0.0000000000000000e+00
  2.8000000000000003e-01  0.0000000000000000e+00  0.0000000000000000e+00  0.0000000000000000e+00  0.0000000000000000e+00
   1  2
  2  1.7773957344397160e+00  0.0000000000000000e+00
qf3                8    4   34
   1   4  10
 -1.0000000000000000e+01  1.0000000000000000e+01 -1.0000000000000000e+01  1.0000000000000000e+01
  0.0000000000000000e+00  0.0000000000000000e+00  0.0000000000000000e+00  0.0000000000000000e+00
  2.8000000000000003e-01  0.0000000000000000e+00  0.0000000000000000e+00  0.0000000000000000e+00  0.0000000000000000e+00
   1  2
  2  1.7773957344397160e+00  0.0000000000000000e+00
ofw                3    2   35
   0   0   0
 -1.0000000000000000e+01  1.0000000000000000e+01 -1.0000000000000000e+01  1.0000000000000000e+01
  3.0013210788938610e-01
b2h                1    9   36
   1   4  10
 -1.0000000000000000e+01  1.0000000000000000e+01 -1.0000000000000000e+01  1.0000000000000000e+01
  0.0000000000000000e+00  0.0000000000000000e+00  0.0000000000000000e+00  0.0000000000000000e+00
  6.5000000000000002e-01  3.3036359993584615e-03  0.0000000000000000e+00  0.0000000000000000e+00  0.0000000000000000e+00
   0  1
b2h                1   10   37
   1   4  10
 -1.0000000000000000e+01  1.0000000000000000e+01 -1.0000000000000000e+01  1.0000000000000000e+01
  0.0000000000000000e+00  0.0000000000000000e+00  0.0000000000000000e+00  0.0000000000000000e+00
  6.5000000000000002e-01  3.3036359993584615e-03  0.0000000000000000e+00  0.0000000000000000e+00  0.0000000000000000e+00
   0  1
o                  2    6   38
   0   0   0
 -1.0000000000000000e+01  1.0000000000000000e+01 -1.0000000000000000e+01  1.0000000000000000e+01
  7.4999999999999997e-02
qd2                7    4   39
   1   4  10
 -1.0000000000000000e+01  1.0000000000000000e+01 -1.0000000000000000e+01  1.0000000000000000e+01
  0.0000000000000000e+00  0.0000000000000000e+00  0.0000000000000000e+00  0.0000000000000000e+00
  1.7499999999999999e-01  0.0000000000000000e+00  0.0000000000000000e+00  0.0000000000000000e+00  0.0000000000000000e+00
   1  2
  2 -1.2962220141932250e+00  0.0000000000000000e+00
s3                12    2   40
   3   4  10
 -1.0000000000000000e+01  1.0000000000000000e+01 -1.0000000000000000e+01  1.0000000000000000e+01
  0.0000000000000000e+00  0.0000000000000000e+00  0.0000000000000000e+00
   0  3
qd2                7    5   41
   1   4  10
 -1.0000000000000000e+01  1.0000000000000000e+01 -1.0000000000000000e+01  1.0000000000000000e+01
  0.0000000000000000e+00  0.0000000000000000e+00  0.0000000000000000e+00  0.0000000000000000e+00
  1.7499999999999999e-01  0.0000000000000000e+00  0.0000000000000000e+00  0.0000000000000000e+00  0.0000000000000000e+00
   1  2
  2 -1.2962220141932250e+00  0.0000000000000000e+00
o                  2    7   42
   0   0   0
 -1.0000000000000000e+01  1.0000000000000000e+01 -1.0000000000000000e+01  1.0000000000000000e+01
  7.4999999999999997e-02
b2h                1   11   43
   1   4  10
 -1.0000000000000000e+01  1.0000000000000000e+01 -1.0000000000000000e+01  1.0000000000000000e+01
  0.0000000000000000e+00  0.0000000000000000e+00  0.0000000000000000e+00  0.0000000000000000e+00
  6.5000000000000002e-01  3.3036359993584615e-03  0.0000000000000000e+00  0.0000000000000000e+00  0.0000000000000000e+00
   0  1
b2h                1   12   44
   1   4  10
 -1.0000000000000000e+01  1.0000000000000000e+01 -1.0000000000000000e+01  1.0000000000000000e+01
  0.0000000000000000e+00  0.0000000000000000e+00  0.0000000000000000e+00  0.0000000000000000e+00
  6.5000000000000002e-01  3.3036359993584615e-03  0.0000000000000000e+00  0.0000000000000000e+00  0.0000000000000000e+00
   0  1
o                  2    8   45
   0   0   0
 -1.0000000000000000e+01  1.0000000000000000e+01 -1.0000000000000000e+01  1.0000000000000000e+01
  7.4999999999999997e-02
qf2                6    3   46
   1   4  10
 -1.0000000000000000e+01  1.0000000000000000e+01 -1.0000000000000000e+01  1.0000000000000000e+01
  0.0000000000000000e+00  0.0000000000000000e+00  0.0000000000000000e+00  0.0000000000000000e+00
  1.9000000000000000e-01  0.0000000000000000e+00  0.0000000000000000e+00  0.0000000000000000e+00  0.0000000000000000e+00
   1  2
  2  1.2942320680067401e+00  0.0000000000000000e+00
s2                11    2   47
   3   4  10
 -1.0000000000000000e+01  1.0000000000000000e+01 -1.0000000000000000e+01  1.0000000000000000e+01
  0.0000000000000000e+00  0.0000000000000000e+00  0.0000000000000000e+00
   0  3
qf2                6    4   48
   1   4  10
 -1.0000000000000000e+01  1.0000000000000000e+01 -1.0000000000000000e+01  1.0000000000000000e+01
  0.0000000000000000e+00  0.0000000000000000e+00  0.0000000000000000e+00  0.0000000000000000e+00
  1.9000000000000000e-01  0.0000000000000000e+00  0.0000000000000000e+00  0.0000000000000000e+00  0.0000000000000000e+00
   1  2
  2  1.2942320680067401e+00  0.0000000000000000e+00
o                  2    9   49
   0   0   0
 -1.0000000000000000e+01  1.0000000000000000e+01 -1.0000000000000000e+01  1.0000000000000000e+01
  7.4999999999999997e-02
b2h                1   13   50
   1   4  10
 -1.0000000000000000e+01  1.0000000000000000e+01 -1.0000000000000000e+01  1.0000000000000000e+01
  0.0000000000000000e+00  0.0000000000000000e+00  0.0000000000000000e+00  0.0000000000000000e+00
  6.5000000000000002e-01  3.3036359993584615e-03  0.0000000000000000e+00  0.0000000000000000e+00  0.0000000000000000e+00
   0  1
b2h                1   14   51
   1   4  10
 -1.0000000000000000e+01  1.0000000000000000e+01 -1.0000000000000000e+01  1.0000000000000000e+01
  0.0000000000000000e+00  0.0000000000000000e+00  0.0000000000000000e+00  0.0000000000000000e+00
  6.5000000000000002e-01  3.3036359993584615e-03  0.0000000000000000e+00  0.0000000000000000e+00  0.0000000000000000e+00
   0  1
o                  2   10   52
   0   0   0
 -1.0000000000000000e+01  1.0000000000000000e+01 -1.0000000000000000e+01  1.0000000000000000e+01
  7.4999999999999997e-02
qd2                7    6   53
   1   4  10
 -1.0000000000000000e+01  1.0000000000000000e+01 -1.0000000000000000e+01  1.0000000000000000e+01
  0.0000000000000000e+00  0.0000000000000000e+00  0.0000000000000000e+00  0.0000000000000000e+00
  1.7499999999999999e-01  0.0000000000000000e+00  0.0000000000000000e+00  0.0000000000000000e+00  0.0000000000000000e+00
   1  2
  2 -1.2962220141932250e+00  0.0000000000000000e+00
s1                10    2   54
   3   4  10
 -1.0000000000000000e+01  1.0000000000000000e+01 -1.0000000000000000e+01  1.0000000000000000e+01
  0.0000000000000000e+00  0.0000000000000000e+00  0.0000000000000000e+00
   0  3
